0.007194245,0.21377184,0.261048304,0.007194245,0.0668037,0.008221994,0.019527235,0.151079137,0.016443988,0.009249743,0.005138746,0.234326824
0.007924392,0.170262767,0.309520247,0.00672779,0.080042112,0.008985861,0.018492312,0.128122866,0.028069173,0.013271458,0.004466082,0.22411494
0.007980894,0.140118472,0.331889014,0.006234239,0.090308485,0.008980206,0.017417409,0.120477337,0.039641743,0.017381601,0.004069514,0.215501086
0.007856486,0.119514037,0.34040126,0.005752093,0.097890366,0.008785145,0.016412064,0.117260224,0.051127419,0.021557612,0.003812412,0.209630883
0.007709914,0.105453174,0.341544066,0.005302676,0.103241577,0.008571522,0.015525996,0.115116783,0.062487654,0.025769941,0.003628545,0.205648151
0.007583157,0.095775065,0.338780075,0.004895255,0.106781325,0.008375377,0.014768484,0.113124387,0.073660961,0.029978293,0.003484564,0.202793056
0.007481766,0.088995544,0.334003863,0.004532313,0.108869127,0.008196986,0.014130184,0.111102627,0.0845736,0.03413783,0.003363679,0.200612483
0.00740197,0.084124916,0.328279669,0.004212774,0.109811165,0.008030994,0.013595424,0.109070227,0.095150811,0.038204649,0.003257577,0.198859823
0.007338854,0.080515402,0.322216521,0.003933787,0.109867806,0.007873523,0.013147826,0.107080195,0.105324123,0.042139202,0.003162213,0.197400548
0.007288351,0.077747981,0.316164947,0.00369169,0.109258818,0.007722788,0.012772507,0.105176268,0.115035421,0.045908099,0.003075599,0.196157531
0.007247444,0.075553431,0.310324393,0.003482552,0.108167336,0.007578386,0.012456736,0.103386057,0.12423887,0.049484871,0.002996695,0.195083229
0.007213946,0.073759151,0.304804189,0.00330248,0.106743497,0.007440602,0.012189936,0.101723776,0.132901479,0.05285006,0.002924856,0.194146027
0.007186265,0.072254172,0.299659226,0.003147792,0.10510812,0.007309962,0.011963461,0.100194335,0.141002763,0.05599087,0.002859594,0.193323441
0.007163222,0.070966502,0.294911301,0.00301511,0.103356446,0.00718698,0.011770294,0.098796706,0.148533825,0.058900556,0.002800468,0.192598589
0.00714393,0.069848658,0.290562077,0.002901396,0.101561826,0.007072045,0.011604767,0.097526272,0.155496064,0.061577661,0.002747052,0.191958253
0.007127705,0.068868501,0.286601061,0.002803966,0.099779243,0.006965371,0.011462298,0.096376374,0.161899658,0.064025161,0.002698923,0.191391739
0.007114015,0.068003509,0.283010553,0.002720472,0.098048552,0.006867001,0.011339178,0.095339286,0.167761979,0.066249624,0.002655666,0.190890165
0.007102436,0.067237203,0.279768776,0.002648883,0.096397388,0.006776821,0.011232394,0.094406819,0.173106018,0.068260383,0.002616879,0.190445999
0.007092631,0.066556957,0.276851863,0.002587451,0.094843697,0.006694587,0.011139486,0.093570708,0.177958901,0.070068794,0.002582172,0.190052753
0.007084322,0.065952645,0.274235161,0.00253468,0.093397898,0.006619955,0.011058429,0.092822838,0.182350559,0.07168757,0.002551179,0.189704764
0.007077284,0.065415822,0.271894073,0.002489298,0.092064694,0.006552512,0.010987548,0.092155398,0.186312561,0.073130215,0.002523553,0.189397042
0.007071328,0.064939231,0.269804631,0.002450221,0.090844551,0.006491795,0.010925447,0.091560963,0.18987714,0.074410562,0.002498971,0.18912516
0.007066299,0.064516492,0.267943861,0.002416531,0.089734896,0.006437317,0.01087095,0.091032552,0.1930764,0.075542395,0.002477132,0.188885175
0.007062065,0.064141921,0.266290025,0.002387448,0.088731061,0.006388584,0.010823063,0.090563655,0.195941694,0.076539164,0.002457758,0.188673561
0.007058513,0.063810414,0.264822764,0.002362311,0.087827017,0.006345105,0.01078094,0.090148243,0.198503163,0.077413774,0.002440595,0.188487161
0.007055548,0.063517363,0.263523169,0.002340561,0.087015939,0.006306404,0.010743853,0.089780764,0.200789403,0.078178437,0.00242541,0.188323148
0.007053088,0.063258608,0.262373808,0.002321719,0.086290623,0.006272028,0.010711176,0.089456138,0.202827254,0.078844575,0.002411991,0.188178993
0.007051064,0.063030391,0.261358704,0.00230538,0.085643794,0.006241549,0.010682366,0.089169735,0.204641671,0.079422773,0.002400145,0.188052429
0.007049416,0.062829323,0.260463298,0.0022912,0.085068321,0.006214568,0.010656951,0.088917355,0.206255681,0.079922758,0.002389697,0.187941431
0.007048089,0.062652356,0.259674383,0.002278883,0.084557367,0.006190719,0.010634521,0.088695201,0.207690387,0.080353408,0.002380492,0.187844193
0.007047041,0.062496751,0.258980027,0.002268176,0.084104483,0.006169665,0.010614714,0.088499856,0.20896502,0.080722775,0.002372389,0.187759104
0.00704623,0.062360054,0.258369494,0.002258863,0.083703661,0.006151099,0.010597217,0.088328251,0.210097016,0.081038126,0.00236526,0.187684728
0.007045624,0.062240073,0.257833151,0.002250759,0.083349363,0.006134743,0.010581752,0.088177638,0.211102119,0.081305992,0.002358993,0.187619792
0.007045192,0.062134851,0.257362382,0.002243704,0.083036525,0.006120346,0.010568076,0.088045565,0.211994493,0.081532214,0.002353488,0.187563163
0.007044909,0.062042647,0.256949499,0.002237559,0.082760546,0.006107685,0.010555977,0.087929846,0.212786835,0.081722003,0.002348655,0.187513839
0.007044753,0.061961912,0.256587659,0.002232205,0.082517269,0.006096558,0.010545265,0.087828537,0.213490503,0.081879991,0.002344414,0.187470933
0.007044703,0.061891273,0.256270783,0.002227541,0.082302958,0.006086784,0.010535777,0.087739916,0.214115626,0.082010283,0.002340695,0.187433659
0.007044744,0.061829515,0.25599348,0.002223476,0.082114264,0.006078205,0.010527366,0.087662453,0.214671225,0.082116512,0.002337435,0.187401324
0.007044861,0.061775562,0.255750976,0.002219934,0.081948197,0.006070678,0.010519905,0.087594797,0.215165312,0.082201883,0.002334579,0.187373317
0.00704504,0.061728463,0.255539049,0.002216847,0.081802095,0.006064077,0.01051328,0.087535754,0.215605,0.082269218,0.002332078,0.1873491
0.007045272,0.061687379,0.255353974,0.002214157,0.081673592,0.006058291,0.010507394,0.087484269,0.215996589,0.082320999,0.002329888,0.187328197
0.007045546,0.061651572,0.255192462,0.002211813,0.081560592,0.006053221,0.010502158,0.087439413,0.216345656,0.082359403,0.002327972,0.187310192
0.007045855,0.06162039,0.255051616,0.002209771,0.081461238,0.00604878,0.010497495,0.087400367,0.216657134,0.082386339,0.002326297,0.187294718
0.007046191,0.06159326,0.254928884,0.002207994,0.081373888,0.006044892,0.010493339,0.087366412,0.216935381,0.082403475,0.002324832,0.187281452
0.007046549,0.061569678,0.254822024,0.002206446,0.081297096,0.006041489,0.01048963,0.087336912,0.217184243,0.082412271,0.002323552,0.187270112
0.007046923,0.061549201,0.25472906,0.002205099,0.081229582,0.006038511,0.010486315,0.087311313,0.217407116,0.082413997,0.002322434,0.18726045
0.007047308,0.06153144,0.254648261,0.002203927,0.081170221,0.006035907,0.010483348,0.087289124,0.217606995,0.082409763,0.002321458,0.187252248
0.007047701,0.061516054,0.254578104,0.002202909,0.081118023,0.006033629,0.01048069,0.087269916,0.21778652,0.082400531,0.002320606,0.187245316
0.007048099,0.061502744,0.254517252,0.002202024,0.081072116,0.006031639,0.010478303,0.087253313,0.217948021,0.082387139,0.002319863,0.187239488
0.007048499,0.061491245,0.254464534,0.002201256,0.081031733,0.006029899,0.010476158,0.087238984,0.218093548,0.082370312,0.002319215,0.187234616
0.007048899,0.061481329,0.254418922,0.00220059,0.080996199,0.00602838,0.010474226,0.087226641,0.218224911,0.082350678,0.002318651,0.187230574
0.007049296,0.061472794,0.254379516,0.002200012,0.080964924,0.006027053,0.010472483,0.087216028,0.218343704,0.082328781,0.00231816,0.18722725
0.00704969,0.061465461,0.254345525,0.002199512,0.080937388,0.006025895,0.010470908,0.087206925,0.21845133,0.082305088,0.002317732,0.187224546
0.007050078,0.061459178,0.254316259,0.00219908,0.080913133,0.006024884,0.010469481,0.087199137,0.21854903,0.082280002,0.002317361,0.187222377
0.00705046,0.061453808,0.254291113,0.002198707,0.08089176,0.006024003,0.010468187,0.087192493,0.218637893,0.082253869,0.002317038,0.187220669
0.007050835,0.061449233,0.254269555,0.002198385,0.080872917,0.006023235,0.01046701,0.087186844,0.218718884,0.082226986,0.002316758,0.187219357
0.007051201,0.06144535,0.254251124,0.002198108,0.080856295,0.006022566,0.010465938,0.087182061,0.218792852,0.082199605,0.002316515,0.187218385
0.007051559,0.061442066,0.254235412,0.00219787,0.080841624,0.006021983,0.01046496,0.087178029,0.218860547,0.082171941,0.002316304,0.187217704
0.007051909,0.061439304,0.254222066,0.002197666,0.080828666,0.006021476,0.010464065,0.087174649,0.218922629,0.082144176,0.002316122,0.187217269
0.007052249,0.061436995,0.254210775,0.002197492,0.080817214,0.006021036,0.010463245,0.087171834,0.218979685,0.082116466,0.002315965,0.187217046
0.007052579,0.061435076,0.254201269,0.002197343,0.080807084,0.006020653,0.010462491,0.087169508,0.21903223,0.082088937,0.00231583,0.187217
0.0070529,0.061433497,0.254193309,0.002197217,0.080798116,0.00602032,0.010461797,0.087167605,0.219080723,0.082061699,0.002315713,0.187217104
0.007053211,0.06143221,0.25418669,0.00219711,0.08079017,0.006020031,0.010461157,0.087166067,0.219125566,0.08203484,0.002315613,0.187217333
0.007053513,0.061431175,0.254181232,0.00219702,0.080783123,0.006019782,0.010460566,0.087164843,0.21916712,0.082008433,0.002315527,0.187217667
0.007053805,0.061430358,0.254176775,0.002196945,0.080776867,0.006019565,0.010460018,0.087163889,0.219205701,0.081982538,0.002315453,0.187218087
0.007054088,0.061429728,0.254173183,0.002196882,0.080771306,0.006019378,0.010459509,0.087163167,0.219241592,0.0819572,0.00231539,0.187218577
0.007054361,0.061429258,0.254170336,0.00219683,0.080766357,0.006019217,0.010459037,0.087162644,0.219275042,0.081932458,0.002315337,0.187219124
0.007054624,0.061428925,0.254168129,0.002196788,0.080761948,0.006019078,0.010458596,0.087162291,0.219306275,0.081908339,0.002315292,0.187219716
0.007054879,0.061428708,0.254166472,0.002196754,0.080758014,0.006018958,0.010458185,0.087162082,0.219335489,0.081884863,0.002315254,0.187220342
0.007055125,0.061428591,0.254165284,0.002196727,0.0807545,0.006018855,0.0104578,0.087161995,0.21936286,0.081862045,0.002315222,0.187220995
0.007055362,0.061428558,0.254164498,0.002196706,0.080751355,0.006018768,0.01045744,0.087162012,0.219388546,0.081839894,0.002315196,0.187221667
0.00705559,0.061428596,0.254164052,0.00219669,0.080748537,0.006018692,0.010457103,0.087162115,0.219412688,0.081818412,0.002315174,0.187222351
0.00705581,0.061428693,0.254163895,0.002196679,0.080746007,0.006018629,0.010456785,0.087162291,0.219435413,0.0817976,0.002315156,0.187223042
0.007056023,0.06142884,0.254163982,0.002196671,0.080743733,0.006018574,0.010456487,0.087162527,0.219456833,0.081777454,0.002315142,0.187223735
0.007056227,0.061429027,0.254164274,0.002196667,0.080741684,0.006018529,0.010456205,0.087162812,0.219477051,0.081757968,0.00231513,0.187224427
0.007056424,0.061429248,0.254164735,0.002196665,0.080739835,0.00601849,0.01045594,0.087163137,0.219496156,0.081739134,0.002315121,0.187225115
0.007056613,0.061429496,0.254165338,0.002196666,0.080738163,0.006018458,0.010455689,0.087163494,0.219514233,0.081720942,0.002315114,0.187225795
0.007056795,0.061429765,0.254166056,0.002196668,0.080736649,0.006018431,0.010455451,0.087163876,0.219531354,0.081703378,0.00231511,0.187226466
0.007056971,0.061430051,0.254166867,0.002196672,0.080735274,0.006018409,0.010455227,0.087164278,0.219547587,0.081686432,0.002315106,0.187227126
0.007057139,0.061430349,0.254167753,0.002196678,0.080734024,0.006018392,0.010455014,0.087164694,0.219562994,0.081670087,0.002315104,0.187227772
0.007057301,0.061430657,0.254168698,0.002196684,0.080732884,0.006018377,0.010454811,0.087165119,0.219577629,0.08165433,0.002315104,0.187228405
0.007057458,0.06143097,0.254169686,0.002196692,0.080731843,0.006018366,0.010454619,0.087165551,0.219591543,0.081639144,0.002315104,0.187229023
0.007057608,0.061431288,0.254170707,0.0021967,0.08073089,0.006018358,0.010454437,0.087165986,0.219604782,0.081624515,0.002315105,0.187229626
0.007057752,0.061431606,0.25417175,0.002196709,0.080730016,0.006018351,0.010454263,0.087166421,0.219617387,0.081610426,0.002315107,0.187230212
0.00705789,0.061431925,0.254172807,0.002196718,0.080729212,0.006018347,0.010454098,0.087166854,0.219629397,0.081596861,0.002315109,0.187230782
0.007058024,0.061432241,0.254173869,0.002196728,0.080728472,0.006018344,0.01045394,0.087167284,0.219640848,0.081583804,0.002315112,0.187231335
0.007058152,0.061432554,0.254174931,0.002196737,0.080727789,0.006018342,0.01045379,0.087167708,0.219651771,0.081571238,0.002315115,0.187231872
0.007058275,0.061432863,0.254175988,0.002196747,0.080727157,0.006018342,0.010453647,0.087168126,0.219662196,0.081559148,0.002315118,0.187232392
0.007058393,0.061433168,0.254177035,0.002196757,0.080726571,0.006018343,0.010453511,0.087168537,0.219672151,0.081547518,0.002315122,0.187232895
0.007058507,0.061433466,0.254178068,0.002196767,0.080726027,0.006018344,0.01045338,0.087168939,0.219681662,0.081536333,0.002315126,0.187233382
0.007058616,0.061433758,0.254179085,0.002196777,0.08072552,0.006018347,0.010453255,0.087169332,0.219690752,0.081525576,0.00231513,0.187233852
0.007058721,0.061434043,0.254180083,0.002196787,0.080725048,0.006018349,0.010453136,0.087169715,0.219699443,0.081515234,0.002315134,0.187234306
0.007058821,0.061434321,0.254181061,0.002196796,0.080724607,0.006018353,0.010453022,0.087170089,0.219707756,0.081505291,0.002315138,0.187234745
0.007058918,0.061434591,0.254182016,0.002196806,0.080724195,0.006018356,0.010452914,0.087170452,0.219715709,0.081495733,0.002315142,0.187235169
0.007059011,0.061434855,0.254182947,0.002196815,0.080723808,0.00601836,0.010452809,0.087170805,0.21972332,0.081486546,0.002315146,0.187235577
0.007059101,0.06143511,0.254183854,0.002196824,0.080723445,0.006018364,0.01045271,0.087171147,0.219730607,0.081477717,0.002315151,0.18723597
0.007059186,0.061435358,0.254184736,0.002196833,0.080723104,0.006018369,0.010452614,0.087171479,0.219737584,0.081469232,0.002315155,0.18723635
0.007059269,0.061435598,0.254185593,0.002196842,0.080722783,0.006018373,0.010452523,0.087171801,0.219744267,0.081461079,0.002315159,0.187236715
0.007059348,0.06143583,0.254186424,0.00219685,0.08072248,0.006018378,0.010452435,0.087172112,0.219750668,0.081453245,0.002315163,0.187237067
0.007059424,0.061436055,0.254187229,0.002196858,0.080722194,0.006018382,0.010452351,0.087172412,0.219756802,0.081445719,0.002315167,0.187237406
0.007059497,0.061436273,0.254188009,0.002196866,0.080721924,0.006018387,0.010452271,0.087172703,0.21976268,0.081438488,0.00231517,0.187237732
